001
0010
00100
00102
00103
00104
00105
00107
00108
00109
0011
00110
00111
00112
00113
00114
00116
00117
00118
00120
00121
00123
00124
00125
00126
00127
00129
0013
00130
00131
00132
00133
00134
00135
00136
00137
00138
00139
0014
00141
00142
00143
00144
00145
00146
00147
00148
0015
00150
00151
00153
00154
00155
00156
00158
00159
0016
00160
00161
00162
00163
00166
00167
00168
00169
0017
00170
00171
00173
00174
00175
00177
00178
0018
00180
00181
00182
00184
00185
00186
00187
00188
00189
0019
00190
00191
00193
00194
00195
00196
00197
00198
00199
0020
00200
00201
00202
00203
00205
00207
00208
00209
0021
00211
00212
00213
00214
00215
00216
00217
00218
00219
0022
00220
00221
00223
00226
00227
00228
00229
00230
00231
00232
00233
00235
00236
00237
00238
00240
00241
00242
00243
00244
00245
00246
00247
00249
0025
00250
00251
00252
00253
00254
00255
00256
00257
00258
00259
0026
00260
00261
00262
00263
00266
00267
00269
0027
00270
00271
00272
00274
00275
00276
00277
00279
0028
00281
00283
00285
00286
00288
00289
00290
00291
00292
00293
00296
00297
00299
003
0030
00301
00302
00303
00304
00305
00306
00308
00309
0031
00310
00311
00312
00315
00316
00317
00318
0032
00320
00321
00322
00323
00324
00326
00327
00328
00329
0033
00330
00331
00333
00335
00337
00338
00339
0034
00340
00341
00343
00344
00345
00346
00348
00349
0035
00351
00352
00353
00354
00355
00356
00357
00358
00359
0036
00360
00361
00362
00363
00364
00365
00367
00368
00370
00371
00373
00374
00375
00376
00377
00378
00379
0038
00380
00381
00382
00383
00384
00385
00386
00387
0039
00392
00393
00397
00398
00399
004
0040
00400
00401
00402
00403
00404
00408
00409
00410
00411
00412
00413
00414
00416
00417
00418
00419
0042
00420
00422
00423
00424
00425
00426
00427
00428
00432
00433
00434
00435
00436
00437
00438
00439
0044
00440
00441
00442
00443
00444
00446
00447
00448
00449
0045
00450
00451
00452
00453
00454
00456
00457
00459
00460
00461
00462
00463
00464
00465
00466
00468
00469
0047
00470
00471
00472
00473
00474
00476
00478
0048
00480
00481
00482
00483
00484
00485
00486
00487
00488
00489
00490
00492
00493
00494
00497
0050
00500
00501
00503
00504
00505
00506
00507
00508
00509
0051
00510
00511
00512
00513
00516
00517
00518
00519
0052
00520
00522
00523
00524
00530
00531
00533
00534
00535
00536
00537
00538
00539
0054
00541
00542
00544
00546
00549
0055
00550
00551
00552
00553
00554
00555
00556
00557
00558
00559
0056
00560
00561
00562
00564
00565
00566
00567
00568
00569
0057
00571
00572
00573
00574
00575
00576
00577
00578
00579
0058
00580
00581
00582
00583
00584
00585
00586
00587
00589
0059
00590
00591
00592
00593
00594
00595
00596
00597
00598
00599
006
00600
00601
00602
00603
00604
00605
00606
00607
00608
00609
0061
00610
00611
00612
00613
00616
00617
00619
0062
00620
00621
00622
00623
00625
00626
00627
00628
0063
00633
00634
00635
00637
00638
00639
00640
00642
00643
00646
00647
00648
00649
0065
00650
00651
00652
00653
00655
00656
00657
00658
00659
0066
00660
00661
00663
00664
00666
0068
0069
007
0070
0071
0072
0073
0075
0076
0078
0079
008
0080
0083
0084
0085
0087
0088
0089
009
0090
0091
0092
0093
0094
0095
0097
0098
0099
